4x4
5 13 4 0 0 11 15 0 0 6 14 7 12 0 0 10
0 2 10 0 14 0 1 0 8 15 12 0 0 0 0 11
3 0 0 8 10 0 0 0 0 11 0 9 0 0 0 0
0 0 0 0 0 0 0 0 0 4 0 0 16 9 15 0
14 9 0 3 6 0 0 0 0 8 13 0 10 0 12 4
0 0 0 6 15 0 0 0 16 0 0 0 0 0 0 0
0 0 0 0 0 4 0 16 0 7 0 0 9 1 0 15
0 0 0 10 0 0 5 13 9 0 0 0 7 0 8 0
1 0 12 15 13 0 4 0 2 0 0 10 0 0 3 5
13 0 0 0 0 15 12 5 0 0 0 0 0 0 0 0
11 3 0 16 7 0 0 14 15 5 0 4 0 0 10 0
6 5 2 0 0 0 0 0 0 16 8 0 0 0 0 14
0 0 1 0 0 12 14 6 0 0 0 0 2 0 11 0
8 0 0 0 9 0 7 3 0 13 10 14 0 0 0 1
10 0 0 0 1 13 0 8 0 0 0 0 6 12 0 9
0 0 6 0 0 0 0 0 0 0 11 0 0 0 0 7