5x5
2 0 14 21 4 0 0 0 0 1 3 0 9 0 5 13 0 17 24 12 0 0 0 19 6
19 0 1 0 20 0 5 8 13 0 18 16 6 0 0 0 4 23 15 14 0 25 0 11 21
22 24 6 16 0 0 0 15 3 18 1 20 12 0 0 0 0 9 5 19 13 23 0 4 2
0 25 0 0 0 0 0 0 0 0 24 0 0 0 0 1 0 0 0 2 5 0 3 7 16
11 8 0 0 5 4 7 0 19 9 0 13 21 0 0 25 0 20 0 6 0 24 1 14 17
17 0 0 7 0 0 0 13 20 0 21 0 0 0 11 2 0 0 0 0 0 18 0 0 15
0 0 0 0 0 0 23 19 8 21 2 9 0 0 25 10 0 15 0 11 6 0 0 0 20
0 11 20 0 15 0 6 0 0 0 19 8 23 0 12 0 17 5 13 0 0 0 7 0 22
6 0 16 0 12 0 15 0 0 11 7 0 0 0 3 0 0 0 20 1 8 0 0 9 0
0 0 24 0 0 0 22 9 4 7 0 0 20 17 0 0 12 18 0 0 0 21 19 0 11
7 4 5 0 0 0 0 0 1 0 0 6 0 0 16 18 0 12 9 25 10 22 0 0 0
24 12 15 0 0 25 0 11 22 0 13 2 0 21 0 14 0 6 17 0 0 7 5 0 8
0 0 0 14 0 6 0 0 18 0 0 0 0 0 7 0 16 0 21 0 0 0 9 20 24
0 18 23 0 0 0 0 16 0 20 0 22 24 3 0 15 19 8 0 0 0 0 13 12 25
21 19 0 0 9 0 12 0 5 10 0 14 11 0 0 0 0 0 4 0 1 0 0 6 3
13 0 17 8 14 22 10 3 0 0 11 0 0 20 0 0 6 0 0 5 9 15 0 1 7
25 3 0 0 0 8 11 20 15 13 6 21 10 14 1 0 22 19 7 0 16 0 17 0 23
1 0 0 6 21 5 18 0 9 0 4 23 16 12 0 17 3 10 0 0 11 13 14 0 19
0 0 0 24 11 0 19 0 25 0 9 5 0 15 13 16 1 0 0 20 0 8 0 3 10
4 15 0 10 0 7 16 1 23 6 17 0 8 18 24 21 14 0 11 0 0 0 22 0 0
0 0 0 0 0 0 14 6 17 0 0 15 18 5 20 24 23 3 10 0 0 2 0 8 12
0 10 0 4 25 16 0 0 24 8 22 17 3 11 21 0 15 0 14 0 0 6 0 0 0
5 0 0 0 7 0 13 21 12 0 0 0 14 10 0 0 25 1 0 0 0 16 0 0 9
15 17 0 0 0 9 2 0 11 0 0 0 0 0 4 8 0 13 6 0 14 0 20 24 18
0 0 0 0 0 0 20 5 7 3 0 12 0 9 0 0 0 0 2 17 0 0 0 15 1