6x6
0 14 0 0 0 0 20 10 8 0 0 12 0 3 0 0 15 11 17 0 22 0 0 0 0 34 35 13 33 16 0 30 5 0 0 24
0 20 5 0 2 16 0 7 0 0 21 26 6 12 18 30 0 29 10 0 14 24 0 15 0 0 9 0 0 0 0 22 34 8 35 0
0 22 0 0 0 24 3 0 1 18 2 9 21 0 17 0 5 0 0 4 32 0 0 0 20 0 28 12 0 0 0 25 11 19 26 29
27 0 0 8 13 6 0 35 16 17 11 0 22 0 0 1 23 0 0 0 36 0 0 5 0 24 18 0 2 29 32 12 3 0 4 21
0 0 34 18 0 0 15 0 5 23 32 29 2 0 28 0 20 35 21 8 0 31 7 11 0 0 0 22 10 1 17 0 14 33 0 27
9 0 11 35 0 21 22 33 25 34 30 13 32 0 27 16 24 14 19 0 3 0 0 0 5 0 4 0 0 15 10 2 20 0 31 0
36 33 35 0 0 23 18 0 4 7 16 34 0 0 31 0 21 10 3 14 0 12 30 6 0 0 0 20 17 28 0 11 0 0 27 0
17 9 26 29 5 0 0 31 13 0 0 2 12 0 20 32 22 0 0 27 0 19 35 0 0 14 25 24 3 0 33 0 0 0 15 0
0 0 20 0 10 8 0 32 24 12 19 14 1 0 0 0 36 30 34 0 16 33 0 17 7 2 11 31 5 21 28 0 22 35 0 25
0 0 0 0 0 1 0 0 10 21 36 27 0 0 11 0 0 8 0 0 15 32 20 0 0 29 0 19 0 22 0 16 0 24 0 7
0 21 30 0 28 7 9 11 0 35 25 0 34 24 29 23 0 0 5 36 0 0 18 22 16 0 32 6 12 10 0 14 26 2 13 0
22 16 18 12 0 0 0 26 0 15 5 20 0 0 25 28 0 7 0 11 0 13 23 10 27 0 0 0 0 9 0 17 30 31 0 8
31 0 21 2 0 0 0 8 0 0 23 1 11 0 0 3 10 0 12 0 0 0 27 9 0 0 13 0 25 0 14 33 18 22 20 30
0 23 0 19 0 0 31 0 0 33 28 0 15 1 34 0 12 0 14 0 0 22 25 36 24 6 7 0 30 35 0 4 0 21 0 9
11 34 27 33 7 30 32 0 6 0 0 0 25 29 19 0 9 0 16 0 13 4 5 3 0 12 20 10 1 18 0 0 24 0 0 28
20 0 16 17 18 15 24 12 30 0 0 0 27 28 26 22 0 32 0 2 0 0 0 7 0 9 0 0 4 19 0 10 1 6 25 0
0 12 28 26 1 0 2 9 35 0 0 0 14 16 0 8 33 24 0 18 21 11 10 29 17 0 0 3 15 36 0 7 0 32 0 13
24 8 9 0 4 0 13 0 0 0 26 16 36 0 0 17 35 0 0 19 20 6 28 0 0 5 23 32 11 2 27 34 15 0 0 12
0 27 0 0 0 0 0 0 12 32 20 0 0 0 0 14 6 0 26 3 0 29 1 0 23 16 0 36 18 4 7 31 17 0 0 22
21 18 4 0 35 19 28 0 9 5 7 0 0 23 0 0 8 17 0 31 30 0 0 12 32 25 0 29 14 27 0 6 0 0 34 10
14 3 24 11 25 0 33 30 22 2 0 0 7 27 32 0 1 0 0 21 19 10 0 0 13 20 0 34 0 0 12 0 28 0 5 35
5 0 0 23 22 12 0 36 18 25 34 0 0 13 0 21 26 0 27 35 4 16 14 32 0 0 0 2 0 17 20 0 8 0 0 0
0 10 6 20 9 26 35 0 0 8 0 23 0 0 16 34 29 0 36 7 0 5 17 28 31 22 24 0 19 12 0 3 0 27 32 0
0 28 36 32 0 0 27 6 26 1 29 3 0 0 0 5 0 12 23 20 0 34 0 0 35 21 0 33 9 0 0 0 4 25 19 14
0 26 19 4 0 0 6 0 0 9 8 7 16 0 0 0 27 0 0 1 0 0 22 0 28 10 14 25 24 11 31 21 0 0 0 33
0 0 0 0 15 0 12 14 0 16 0 22 3 0 0 11 30 0 33 23 2 0 0 27 0 0 0 35 0 32 5 19 0 17 0 0
2 17 23 22 0 35 0 0 0 26 0 0 24 0 0 19 25 0 18 0 0 0 31 14 1 30 0 27 21 13 0 28 0 0 11 16
0 24 0 21 27 28 5 0 11 0 10 30 0 0 0 26 0 20 4 0 0 36 0 0 9 0 17 18 0 0 22 0 0 14 3 2
6 0 0 0 0 33 4 0 0 3 0 25 28 2 1 0 0 22 32 0 9 7 24 26 15 36 0 0 16 0 0 20 35 10 12 0
16 5 0 36 0 9 0 29 0 0 18 0 17 0 23 6 0 31 28 30 11 20 21 0 34 0 2 4 0 0 0 0 27 0 0 26
35 2 0 6 11 34 25 4 32 28 9 19 0 20 0 15 7 0 0 22 17 14 0 33 0 18 16 5 29 0 0 0 21 0 0 3
0 25 33 28 32 31 7 0 20 30 12 5 0 22 2 0 11 0 29 0 0 1 8 0 0 0 21 9 35 0 34 27 6 36 14 4
7 0 3 0 0 0 10 18 2 11 35 6 0 0 0 36 16 19 31 0 27 28 0 4 0 26 8 30 0 33 24 15 0 29 22 17
0 36 0 0 23 14 16 34 29 22 13 0 0 0 0 18 0 25 11 6 10 35 3 0 2 1 0 15 7 20 9 5 32 0 8 31
0 19 22 0 29 0 0 23 0 0 24 0 0 0 12 0 0 0 13 34 0 0 2 30 0 4 0 0 32 0 16 18 33 20 28 0
8 0 0 16 0 0 17 0 31 0 0 33 29 0 0 0 32 6 25 9 0 26 12 20 3 11 0 28 36 0 2 35 7 0 10 19